Table 1 – continued from previous page
Classifier
PCA
Encoding
Type
Accuracy
Precision
Sensitivity Recall
F1
Score
ROC
AUC
Cohen’s
Kappa
Running
Time
LightGBM
2
Classical
73.9305
0.7359
0.7573
0.7573
0.7464
0.7391
0.4783
0.1178
IQP
61.0963
0.5665
0.9894
0.9894
0.7205
0.6058
0.2138
0.0127
Displacement
71.3904
0.7538
0.6464
0.6464
0.6960
0.7148
0.4288
0.0978
Sqeezing
71.3904
0.7538
0.6464
0.6464
0.6960
0.7148
0.4288
0.0261
15
Classical
74.7326
0.7230
0.8127
0.8127
0.7652
0.7464
0.4937
0.2598
IQP
67.2460
0.6831
0.6596
0.6596
0.6711
0.6726
0.3451
0.0719
Displacement
71.6578
0.7093
0.7467
0.7467
0.7275
0.7162
0.4326
0.0838
Sqeezing
71.6578
0.7093
0.7467
0.7467
0.7275
0.7162
0.4326
0.0867
23
Classical
76.6043
0.7727
0.7625
0.7625
0.7676
0.7661
0.5321
0.4129
IQP
65.2406
0.6639
0.6359
0.6359
0.6496
0.6526
0.3051
0.1141
Displacement
71.9251
0.7183
0.7335
0.7335
0.7258
0.7191
0.4382
0.0956
Sqeezing
71.9251
0.7183
0.7335
0.7335
0.7258
0.7191
0.4382
0.1211
AdaBoost
2
Classical
75.2674
0.7450
0.7784
0.7784
0.7613
0.7523
0.5050
0.3176
IQP
61.0963
0.5665
0.9894
0.9894
0.7205
0.6058
0.2138
0.0608
Displacement
71.3904
0.7538
0.6464
0.6464
0.6960
0.7148
0.4288
0.1183
Sqeezing
71.3904
0.7538
0.6464
0.6464
0.6960
0.7148
0.4288
0.1330
15
Classical
74.5989
0.7405
0.7678
0.7678
0.7539
0.7457
0.4916
0.4682
IQP
64.8396
0.6495
0.6649
0.6649
0.6571
0.6482
0.2964
0.2187
Displacement
71.5241
0.7318
0.6913
0.6913
0.7110
0.7156
0.4308
0.1559
Sqeezing
71.5241
0.7318
0.6913
0.6913
0.7110
0.7156
0.4308
0.1765
23
Classical
77.5401
0.7726
0.7889
0.7889
0.7807
0.7752
0.5506
0.6542
IQP
67.2460
0.6516
0.7599
0.7599
0.7016
0.6713
0.3433
0.4047
Displacement
72.8610
0.7316
0.7335
0.7335
0.7325
0.7285
0.4571
0.1799
Sqeezing
72.8610
0.7316
0.7335
0.7335
0.7325
0.7285
0.4571
0.1830
Continued on next page
16
