Table 1 Classical data, Discrete and Continuous Variable Quantum Data Embedding Performance
Classifier
PCA
Encoding
Type
Accuracy
Precision
Sensitivity Recall
F1
Score
ROC
AUC
Cohen’s
Kappa
Running
Time
Logistic
Regression
2
Classical
72.9947
0.7241
0.7546
0.7546
0.7390
0.7296
0.4595
0.0052
IQP
49.3316
0
0
0
0
0.5000
0
0.0020
Displacement
71.3904
0.7538
0.6464
0.6464
0.6960
0.7148
0.4288
0.0399
Squeezing
71.3904
0.7538
0.6464
0.6464
0.6960
0.7148
0.4288
0.0071
15
Classical
75.9358
0.7519
0.7836
0.7836
0.7674
0.7590
0.5184
0.0130
IQP
49.3316
0
0
0
0
0.5000
0
0.0185
Displacement
71.6578
0.7313
0.6966
0.6966
0.7135
0.7168
0.4334
0.0753
Squeezing
71.5241
0.7280
0.6992
0.6992
0.7133
0.7155
0.4307
0.0078
23
Classical
79.0106
0.7921
0.7941
0.7941
0.7930
0.7900
0.5801
0.0095
IQP
49.3316
0.0000
0.0000
0.0000
0.0000
0.5000
0.0000
0.0340
Displacement
72.5936
0.7254
0.7388
0.7388
0.7320
0.7258
0.4516
0.0676
Squeezing
73.2620
0.7361
0.7361
0.7361
0.7361
0.7326
0.4651
0.0129
KNN
2
Classical
72.3262
0.7172
0.7493
0.7493
0.7329
0.7229
0.4461
0.0437
IQP
61.0963
0.5665
0.9894
0.9894
0.7205
0.6058
0.2138
0.0363
Displacement
65.5080
0.6090
0.8918
0.8918
0.7238
0.6519
0.3057
0.0668
Squeezing
65.5080
0.6090
0.8918
0.8918
0.7238
0.6519
0.3057
0.0436
15
Classical
69.9198
0.6766
0.7784
0.7784
0.7239
0.6981
0.3971
0.0995
IQP
66.0428
0.6640
0.6675
0.6675
0.6658
0.6603
0.3207
0.0440
Displacement
70.5882
0.6992
0.7361
0.7361
0.7172
0.7055
0.4112
0.0880
Squeezing
70.5882
0.6992
0.7361
0.7361
0.7172
0.7055
0.4112
0.0959
23
Classical
73.7968
0.7194
0.7916
0.7916
0.7538
0.7372
0.4751
0.0848
IQP
62.0321
0.6323
0.5989
0.5989
0.6152
0.6206
0.2410
0.2960
Displacement
71.1230
0.7139
0.7177
0.7177
0.7158
0.7111
0.4223
0.0995
Squeezing
70.7219
0.7073
0.7203
0.7203
0.7137
0.7070
0.4142
0.0154
Continued on next page
12
