B.2.
Torsion refined GV invariants for X (ϕ = 0)
β
n(0)
β,0
n(1)
β,0
n(2)
β,0
1
4968
8
0
2
9289674
87110
2
3
44627183136
1988858872
12311104
4
316892167738938
42243179822882
1500688167410
5
2789703751373878608
837382413457312496
88315126793702080
6
28134958395843520400736
15924461871881584311688
3651073534140119626324
7
311646240373418958207954888
295665327714977671674948272
123683496582390514093422672
8
3697182172381082654538499873482
5412981176445039943160437680320
3694343545753423615445903557708
β
n(3)
β,0
n(4)
β,0
n(5)
β,0
1
0
0
0
2
3
0
0
3
-20080
-48
0
4
5310609048
-91074234
273385
5
3262260868246560
14049618917552
-197505870928
6
391257647196544031155
17712247669915992540
200182327909764706
7
27608921679517589577614888
3336095403194578479398896
200962164405608233360088
8
1451992249477648376001244617938
345762853196566001700519846216
49457702521992362465369212542
β
n(6)
β,0
n(7)
β,0
n(8)
β,0
3
0
0
0
4
28
15
0
5
4948170224
-49502888
49248
6
-249309554327918
29065678237849
-1108971050056
7
4818521064515699814816
31655445125885710576
186567957494010864
8
4025813847105326014230845224
167475175758708760805240320
3039952549070342755188114
9
1165179659210675423158701771081168
126339623722080969384628753918304
8124695925836068590817381871520
β
n(9)
β,0
n(10)
β,0
n(11)
β,0
4
0
0
0
5
96
0
0
6
25588054752
-280014490
638242
7
-11821107361280424
680621621530728
-28973551058312
8
19651331703947358377505
-93643854358933003242
10644675479387239296
9
285303483254253315457812367000
4867577372057431144816270904
31557457267982081355336736
Table 3: k = 0 Z3 refined GV invariants n(g)
β,k.
46
