Table 1 – continued from previous page
Classifier
PCA
Encoding
Type
Accuracy
Precision
Sensitivity Recall
F1
Score
ROC
AUC
Cohen’s
Kappa
Running
Time
CatBoost
2
Classical
74.7326
0.7375
0.7784
0.7784
0.7574
0.7469
0.4942
5.5071
IQP
61.0963
0.5665
0.9894
0.9894
0.7205
0.6058
0.2138
1.3892
Displacement
71.3904
0.7538
0.6464
0.6464
0.6960
0.7148
0.4288
0.9829
Sqeezing
71.3904
0.7538
0.6464
0.6464
0.6960
0.7148
0.4288
0.9947
15
Classical
74.8663
0.7335
0.7916
0.7916
0.7614
0.7481
0.4967
18.9151
IQP
68.4492
0.6948
0.6728
0.6728
0.6836
0.6847
0.3691
3.1672
Displacement
71.1230
0.7032
0.7441
0.7441
0.7231
0.7108
0.4219
3.5555
Sqeezing
71.1230
0.7032
0.7441
0.7441
0.7231
0.7108
0.4219
3.0286
23
Classical
77.6738
0.7790
0.7810
0.7810
0.7800
0.7767
0.5534
11.7024
IQP
67.2460
0.6754
0.6807
0.6807
0.6781
0.6723
0.3447
5.6349
Displacement
73.1283
0.7330
0.7388
0.7388
0.7359
0.7312
0.4624
2.4728
Sqeezing
73.1283
0.7330
0.7388
0.7388
0.7359
0.7312
0.4624
2.4147
Extra
Trees
2
Classical
72.5936
0.7186
0.7546
0.7546
0.7362
0.7255
0.4514
0.4512
IQP
61.0963
0.5665
0.9894
0.9894
0.7205
0.6058
0.2138
0.0764
Displacement
71.3904
0.7538
0.6464
0.6464
0.6960
0.7148
0.4288
0.1328
Sqeezing
71.3904
0.7538
0.6464
0.6464
0.6960
0.7148
0.4288
0.1466
15
Classical
70.9893
0.7035
0.7388
0.7388
0.7207
0.7095
0.4193
0.4377
IQP
67.7807
0.6983
0.6412
0.6412
0.6685
0.6783
0.3562
0.2745
Displacement
69.2513
0.6966
0.6966
0.6966
0.6966
0.6925
0.3849
0.4256
Sqeezing
68.9840
0.6960
0.6887
0.6887
0.6923
0.6899
0.3797
0.4381
23
Classical
74.1979
0.7541
0.7282
0.7282
0.7409
0.7422
0.4841
0.4781
IQP
64.9733
0.6552
0.6517
0.6517
0.6534
0.6497
0.2994
0.3730
Displacement
72.1925
0.7355
0.7045
0.7045
0.7197
0.7222
0.4441
0.4927
Sqeezing
72.7273
0.7384
0.7150
0.7150
0.7265
0.7274
0.4547
0.4869
Continued on next page
17
