Table 1 – continued from previous page
Classifier
PCA
Encoding
Type
Accuracy
Precision
Sensitivity Recall
F1
Score
ROC
AUC
Cohen’s
Kappa
Running
Time
SVM
Linear
2
Classical
73.1283
0.7247
0.7573
0.7573
0.7406
0.7309
0.4621
0.2453
IQP
49.3316
0
0
0
0
0.5
0
0.1057
Displacement
71.3904
0.7538
0.6464
0.6464
0.6960
0.7148
0.4288
0.3022
Squeezing
71.3904
0.7538
0.6464
0.6464
0.6960
0.7148
0.4288
0.1371
15
Classical
75.0000
0.7388
0.7836
0.7836
0.7606
0.7495
0.4995
0.5831
IQP
49.3316
0
0
0
0
0.5
0
0.1568
Displacement
71.3904
0.7538
0.6464
0.6464
0.6960
0.7148
0.4288
0.9139
Squeezing
71.3904
0.7538
0.6464
0.6464
0.6960
0.7148
0.4288
0.3331
23
Classical
77.5401
0.7482
0.8391
0.8391
0.7910
0.7745
0.5500
0.6471
IQP
49.3316
0
0
0
0
0.5
0
0.3130
Displacement
71.3904
0.7538
0.6464
0.6464
0.6960
0.7148
0.4288
0.8031
Squeezing
71.3904
0.7538
0.6464
0.6464
0.6960
0.7148
0.4288
0.3902
SVM
Poly
2
Classical
71.7914
0.6714
0.8681
0.8681
0.7572
0.7159
0.4335
0.3055
IQP
61.0963
0.5665
0.9894
0.9894
0.7205
0.6058
0.2138
0.1044
Displacement
71.3904
0.7538
0.6464
0.6464
0.6960
0.7148
0.4288
1.3152
Squeezing
71.3904
0.7538
0.6464
0.6464
0.6960
0.7148
0.4288
0.1623
15
Classical
72.1925
0.7031
0.7810
0.7810
0.7400
0.7211
0.4429
0.3926
IQP
60.4278
0.6456
0.4855
0.4855
0.5542
0.6059
0.2111
0.2815
Displacement
66.3102
0.6576
0.6992
0.6992
0.6777
0.6626
0.3255
18.6747
Squeezing
72.3262
0.7183
0.7467
0.7467
0.7322
0.7229
0.4461
0.6358
23
Classical
74.0642
0.7273
0.7810
0.7810
0.7532
0.7401
0.4807
0.4581
IQP
60.4278
0.5719
0.8707
0.8707
0.6904
0.6007
0.2028
0.2929
Displacement
70.9893
0.6875
0.7836
0.7836
0.7324
0.7089
0.4186
42.9444
Squeezing
73.7968
0.7328
0.7599
0.7599
0.7461
0.7377
0.4756
0.5365
Continued on next page
13
