Table 1 – continued from previous page
Classifier
PCA
Encoding
Type
Accuracy
Precision
Sensitivity Recall
F1
Score
ROC
AUC
Cohen’s
Kappa
Running
Time
Decision
Tree
2
Classical
66.7112
0.6757
0.6596
0.6596
0.6676
0.6672
0.3343
0.0096
IQP
61.0963
0.5665
0.9894
0.9894
0.7205
0.6058
0.2138
0.0010
Displacement
71.3904
0.7538
0.6464
0.6464
0.6960
0.7148
0.4288
0.00246
Sqeezing
71.3904
0.7538
0.6464
0.6464
0.6960
0.7148
0.4288
0.001596
15
Classical
64.8396
0.6457
0.6781
0.6781
0.6615
0.6480
0.2962
0.0629
IQP
64.1711
0.6521
0.6280
0.6280
0.6398
0.6419
0.2837
0.030999
Displacement
67.3797
0.6819
0.6675
0.6675
0.6747
0.6739
0.3477
0.007659
Sqeezing
66.8449
0.6747
0.6675
0.6675
0.6711
0.6685
0.3369
0.015341
23
Classical
66.7112
0.6729
0.6675
0.6675
0.6702
0.6671
0.3342
0.1061
IQP
62.0321
0.6294
0.6095
0.6095
0.6193
0.6205
0.2408
0.1180
Displacement
68.5829
0.7057
0.6517
0.6517
0.6776
0.6863
0.3722
0.01805
Sqeezing
68.3155
0.6994
0.6570
0.6570
0.6776
0.6835
0.3667
0.011008
Random
Forest
2
Classical
72.5936
0.7302
0.7282
0.7282
0.7292
0.7259
0.4518
0.5493
IQP
61.0963
0.5665
0.9894
0.9894
0.7205
0.6058
0.2138
0.0952
Displacement
71.3904
0.7538
0.6464
0.6464
0.6960
0.7148
0.4288
0.3154
Sqeezing
71.3904
0.7538
0.6464
0.6464
0.6960
0.7148
0.4288
0.3261
15
Classical
74.1979
0.7337
0.7704
0.7704
0.7516
0.7416
0.4835
1.0324
IQP
69.1176
0.7056
0.6702
0.6702
0.6874
0.6915
0.3827
0.5762
Displacement
71.3904
0.7110
0.7335
0.7335
0.7221
0.7136
0.4275
0.5088
Sqeezing
70.4545
0.7047
0.7177
0.7177
0.7111
0.7044
0.4088
0.4091
23
Classical
75.4011
0.7701
0.7335
0.7335
0.7514
0.7543
0.5082
1.3224
IQP
65.6417
0.6614
0.6596
0.6596
0.6605
0.6564
0.3127
1.2142
Displacement
71.3904
0.7165
0.7203
0.7203
0.7184
0.7138
0.4277
0.4622
Sqeezing
71.5241
0.7184
0.7203
0.7203
0.7194
0.7152
0.4304
0.4479
Continued on next page
15
