Table 1 – continued from previous page
Classifier
PCA
Encoding
Type
Accuracy
Precision
Sensitivity Recall
F1
Score
ROC
AUC
Cohen’s
Kappa
Running
Time
SVM
RBF
2
Classical
75.4011
0.7468
0.7784
0.7784
0.7623
0.7537
0.5077
0.3022
IQP
61.0963
0.5665
0.9894
0.9894
0.7205
0.6058
0.2138
0.1794
Displacement
71.3904
0.7538
0.6464
0.6464
0.6960
0.7148
0.4288
0.4493
Sqeezing
71.3904
0.7538
0.6464
0.6464
0.6960
0.7148
0.4288
0.2398
15
Classical
73.6631
0.7241
0.7757
0.7757
0.7490
0.7361
0.4727
0.4317
IQP
64.3048
0.6600
0.6095
0.6095
0.6337
0.6435
0.2867
0.2848
Displacement
73.9305
0.7421
0.7441
0.7441
0.7431
0.7392
0.4785
0.5057
Sqeezing
73.9305
0.7421
0.7441
0.7441
0.7431
0.7392
0.4785
0.4868
23
Classical
77.2727
0.7700
0.7863
0.7863
0.7781
0.7725
0.5452
0.5184
IQP
63.6364
0.6126
0.7678
0.7678
0.6815
0.6346
0.2701
0.4064
Displacement
74.5989
0.7455
0.7573
0.7573
0.7513
0.7458
0.4918
0.4938
Sqeezing
74.5989
0.7455
0.7573
0.7573
0.7513
0.7458
0.4918
0.5166
SVM
Sigmoid
2
Classical
67.3797
0.6870
0.6544
0.6544
0.6703
0.6741
0.3479
0.4282
IQP
61.0963
0.5665
0.9894
0.9894
0.7205
0.6058
0.2138
0.1040
Displacement
49.3316
0.0000
0.0000
0.0000
0.0000
0.5000
0.0000
0.5616
Sqeezing
62.0321
0.6179
0.6570
0.6570
0.6368
0.6198
0.2399
0.3813
15
Classical
71.3904
0.7037
0.7520
0.7520
0.7270
0.7134
0.4272
0.4887
IQP
57.0856
0.5780
0.5673
0.5673
0.5726
0.5709
0.1418
0.1729
Displacement
49.3316
0.0000
0.0000
0.0000
0.0000
0.5000
0.0000
0.4445
Sqeezing
60.5615
0.6123
0.6042
0.6042
0.6082
0.6056
0.2112
0.4776
23
Classical
74.0642
0.7330
0.7678
0.7678
0.7500
0.7403
0.4809
0.5157
IQP
52.1390
0.5279
0.5251
0.5251
0.5265
0.5213
0.0427
0.2880
Displacement
49.3316
0.0000
0.0000
0.0000
0.0000
0.5000
0.0000
0.4181
Sqeezing
55.4813
0.5599
0.5673
0.5673
0.5636
0.5546
0.1093
0.5428
Continued on next page
14
