Table 1 – continued from previous page
Classifier
PCA
Encoding
Type
Accuracy
Precision
Sensitivity Recall
F1
Score
ROC
AUC
Cohen’s
Kappa
Running
Time
Gradient
Boosting
2
Classical
74.8663
0.7370
0.7836
0.7836
0.7596
0.7482
0.4968
0.6142
IQP
61.0963
0.5665
0.9894
0.9894
0.7205
0.6058
0.2138
0.0653
Displacement
71.3904
0.7538
0.6464
0.6464
0.6960
0.7148
0.4288
0.1589
Squeezing
71.3904
0.7538
0.6464
0.6464
0.6960
0.7148
0.4288
0.1425
15
Classical
74.3316
0.7221
0.8021
0.8021
0.7600
0.7425
0.4858
1.7732
IQP
68.8503
0.6995
0.6755
0.6755
0.6872
0.6887
0.3772
0.8825
Displacement
73.7968
0.7305
0.7652
0.7652
0.7474
0.7376
0.4755
0.3557
Squeezing
73.7968
0.7305
0.7652
0.7652
0.7474
0.7376
0.4755
0.347
23
Classical
78.4759
0.7884
0.7863
0.7863
0.7873
0.7847
0.5695
2.6064
IQP
66.1765
0.6591
0.6887
0.6887
0.6735
0.6614
0.3230
2.0365
Displacement
74.8663
0.7468
0.7625
0.7625
0.7546
0.7485
0.4971
0.4710
Sqeezing
74.8663
0.7468
0.7625
0.7625
0.7546
0.7485
0.4971
0.4179
XGBoost
2
Classical
74.3316
0.7379
0.7652
0.7652
0.7513
0.7430
0.4863
0.6346
IQP
61.0963
0.5665
0.9894
0.9894
0.7205
0.6058
0.2138
0.0393
Displacement
71.3904
0.7538
0.6464
0.6464
0.6960
0.7148
0.4288
0.1746
Squeezing
71.3904
0.7538
0.6464
0.6464
0.6960
0.7148
0.4288
0.0263
15
Classical
73.3957
0.7239
0.7678
0.7678
0.7452
0.7335
0.4674
8.6842
IQP
66.7112
0.6711
0.6728
0.6728
0.6719
0.6670
0.3341
0.0897
Displacement
68.8503
0.6807
0.7256
0.7256
0.7024
0.6880
0.3763
0.0787
Squeezing
68.8503
0.6807
0.7256
0.7256
0.7024
0.6880
0.3763
0.0810
23
Classical
74.0642
0.7493
0.7335
0.7335
0.7413
0.7407
0.4813
5.7666
IQP
63.5027
0.6417
0.6332
0.6332
0.6375
0.6351
0.2701
0.2480
Displacement
70.3209
0.7199
0.6781
0.6781
0.6984
0.7035
0.4068
0.0953
Squeezing
70.3209
0.7199
0.6781
0.6781
0.6984
0.7035
0.4068
0.1266
18
