0.0
0.2
0.4
0.6
0.8
1.0
x
0.0
0.2
0.4
0.6
0.8
1.0
y
0.220
0.236
0.252
0.268
0.284
0.300
0.316
0.332
0.348
0.364
(a) Exact
0.0
0.2
0.4
0.6
0.8
1.0
x
0.0
0.2
0.4
0.6
0.8
1.0
y
0.220
0.236
0.252
0.268
0.284
0.300
0.316
0.332
0.348
0.364
(b) Predicted
0.0
0.2
0.4
0.6
0.8
1.0
x
0.0
0.2
0.4
0.6
0.8
1.0
y
0.24
0.26
0.28
0.30
0.32
0.34
0.36
u
Exact, t=1
0.24
0.26
0.28
0.30
0.32
0.34
0.36
(c) Exact
0.0
0.2
0.4
0.6
0.8
1.0
x
0.0
0.2
0.4
0.6
0.8
1.0
y
0.24
0.26
0.28
0.30
0.32
0.34
0.36
u
Predicted, t=1
0.24
0.26
0.28
0.30
0.32
0.34
0.36
(d) Predicted
Figure 18: The exact and predicted solutions at ğ‘‡= 1, with ğ›¾= 0.0001 and ğ›½= 1.
0.0
0.2
0.4
0.6
0.8
1.0
x
0.0
0.2
0.4
0.6
0.8
1.0
y
0.00
0.04
0.08
0.12
0.16
0.20
0.24
0.28
0.32
0.36
(a) Exact
0.0
0.2
0.4
0.6
0.8
1.0
x
0.0
0.2
0.4
0.6
0.8
1.0
y
0.00
0.04
0.08
0.12
0.16
0.20
0.24
0.28
0.32
0.36
(b) Predicted
0.0
0.2
0.4
0.6
0.8
1.0
x
0.0
0.2
0.4
0.6
0.8
1.0
y
0.05
0.10
0.15
0.20
0.25
0.30
0.35
u
Exact, t=1
0.05
0.10
0.15
0.20
0.25
0.30
0.35
(c) Exact
0.0
0.2
0.4
0.6
0.8
1.0
x
0.0
0.2
0.4
0.6
0.8
1.0
y
0.00
0.05
0.10
0.15
0.20
0.25
0.30
0.35
u
Predicted, t=1
0.00
0.05
0.10
0.15
0.20
0.25
0.30
0.35
(d) Predicted
Figure 19: The exact and predicted solutions at ğ‘‡= 1, with ğ›¾= 0.0001 and ğ›½= 0.1.
26
