B.
Tables of GV invariants (also included as ancillary files)
B.1.
GV invariants for Y (φ = 0)
β
n(0)
β
n(1)
β
n(2)
β
n(3)
β
n(4)
β
1
36
0
0
0
0
2
117
21
0
0
0
3
708
252
0
0
0
4
4329
3909
0
0
0
5
36648
54780
1764
0
0
6
353481
799427
74742
0
0
7
3654036
12029976
2321712
6048
0
8
40662441
183856566
62658648
1409391
609
9
476686680
2849013696
1546292340
99423948
590728
10
5813813286
44651082186
35915621409
4750281117
111170412
11
73324427076
706137679380
798821464500
183683944260
10444072368
12
950505231633
11252074225511
17196367996830
6203747559594
677366032962
13
12607759651752
180449529859008
360898410897432
190511304105852
34863672200724
14
170555645873421
2909722672893741
7421796553634874
5449679369889894
1529796032277798
15
2346703420933176
47141157827832400
150114768226834008
147527713689350088
59686649776267320
β
n(5)
β
n(6)
β
n(7)
β
n(8)
β
9
0
0
0
0
10
35649
189
0
0
11
85547916
-2844
0
0
12
18534294279
54582342
-13578
12
13
2098119061944
30574646352
34548876
-10944
14
166399998654636
6118201061109
52393703445
20606400
15
10450906212081840
745857469998888
18215392085052
99155139996
16
555198061714577424
66644726190601284
3360649526440095
58348980183789
17
25976067372741777228
4788136603728615780
421615028305402260
15935196164602572
18
1099493387576181820440
292144244544201285729
40508686513504838691
2758271324963777787
β
n(9)
β
n(10)
β
n(11)
β
13
0
0
0
14
585
0
0
15
19453764
24840
0
16
221381920638
54614700
585
17
209538919878228
607436912556
103914720
18
82239100740230895
867161858493894
2042690495325
19
19228772556752251572
472968655069196880
4198449734171712
20
3159692314819687461015
145942943002288020387
3078643370480377335
21
400420801496016622049400
30559908006207602166924
1224136746375402792432
22
41496690427887766979351601
4810181836820364733038669
320739808835683485479412
23
3659454660447389109193376508
606983765326851350266049292
61798070005274601128908656
24
282550863034156559331846319914
64145564135530412618834578777
9382145243514639230834803968
Table 2: GV invariants for Y (Z3 quotient of (3,48) CICY).
45
