Accepted Version 
Accetped date: 7 April 2025 
46 
This manuscript version is made available under the CC-BY-4.0 license 
 
 
 
Table S2. Experimental powder diffraction data for 2-AmpH2PO3. 
  
 
 
Table S3. Experimental powder diffraction data for 2-AmpHSO4 (I). 
 
 
 
 
2 Theta (°)
d (Å)
Intensity (%) 2 Theta (°)
d (Å)
Intensity (%)
10.13
8.74
12
30.69
2.91
2
18.77
4.73
4
33.17
2.70
1
19.45
4.56
5
36.18
2.48
3
20.32
4.37
15
40.56
2.22
1
21.35
4.16
2
41.24
2.19
1
22.12
4.02
25
42.69
2.12
1
24.24
3.67
6
45.50
1.99
1
24.88
3.58
1
46.05
1.97
1
25.97
3.43
37
47.58
1.91
1
26.46
3.37
100
49.23
1.85
1
27.92
3.20
75
53.33
1.72
1
28.39
3.14
4
54.43
1.69
1
28.98
3.08
2
55.79
1.65
3
30.18
2.96
3
57.64
1.60
2
2 Theta (°)
d (Å)
Intensity (%) 2 Theta (°) d (Å)
Intensity (%)
11.80
7.50
10
27.34
3.26
2
15.94
5.56
2
27.97
3.19
3
16.71
5.31
3
28.24
3.16
1
18.46
4.81
4
28.86
3.09
15
18.90
4.70
3
29.58
3.02
1
19.88
4.47
12
30.93
2.89
2
21.06
4.22
1
31.93
2.80
9
21.48
4.14
8
32.20
2.78
2
22.02
4.04
7
32.79
2.73
1
22.29
3.99
4
33.01
2.71
2
23.70
3.75
100
37.42
2.40
2
24.54
3.63
32
38.44
2.34
1
26.61
3.35
2
44.71
2.03
2
26.82
3.32
2
50.59
1.80
1
