Accepted Version 
Accetped date: 7 April 2025 
47 
This manuscript version is made available under the CC-BY-4.0 license 
 
 
Table S4. Experimental powder diffraction data for (2-Amp)2SO4H2O. 
 
 
Table S5. Experimental powder diffraction data for 2-AmpCl½H2O.  
 
 
 
2 Theta (°)
d (Å)
Intensity (%) 2 Theta (°) d (Å)
Intensity (%)
8.85
9.99
10
25.58
3.48
6
12.57
7.04
6
26.99
3.30
81
16.17
5.48
29
27.73
3.22
28
17.73
5.00
41
28.52
3.13
17
18.08
4.91
100
28.79
3.10
5
18.51
4.79
11
28.96
3.08
3
19.55
4.54
4
30.00
2.98
4
19.80
4.48
8
30.47
2.93
9
20.03
4.43
11
30.62
2.92
9
20.25
4.38
6
31.27
2.86
5
22.29
3.99
16
32.65
2.74
3
22.56
3.94
4
35.24
2.55
5
23.73
3.75
2
38.76
2.32
3
24.19
3.68
14
49.59
1.84
4
2 Theta (°)
d (Å)
Intensity (%) 2 Theta (°)
d (Å)
Intensity (%)
11.40
7.76
28
28.76
3.10
100
12.48
7.09
6
29.45
3.03
4
17.57
5.05
4
30.74
2.91
2
20.60
4.31
8
32.25
2.78
2
21.52
4.13
10
33.00
2.71
5
21.92
4.05
4
33.24
2.70
5
22.83
3.90
6
33.90
2.64
3
23.91
3.72
3
34.45
2.60
2
24.31
3.66
11
36.28
2.48
2
25.45
3.50
13
37.30
2.41
1
26.92
3.31
3
39.31
2.29
1
27.13
3.29
13
40.44
2.23
3
27.33
3.26
5
43.21
2.09
1
27.68
3.22
2
48.34
1.88
1
