TABLE III: The variables N (NSDG, NPDG), r (rSDG, rPDG), and fC (fSDG,C, fPDG,C)
represent the number of players, total resource quantity, and cooperation fraction,
respectively, for the entire system, ΥSDG, and ΥPDG. Results for b = 1.05, b = 1.10,
b = 1.30, and b = 1.50 and disaggregated by resource intervals. Other parameters are
µ = 0.5, σ = 0.5.
b
Resources(0,0.1)
(0.1,0.2) (0.2,0.5) (0.5,0.8) (0.8,1.1) (1.1,1.4) (1.4,1.7) (1.7,2.0) (2.0,5.0) (5.0,10.0) > 10.0
b = 1.10 N
29051
603
445
562
461
408
374
351
4623
3039
83
NSDG
13325
82
86
112
126
160
157
187
3436
2287
65
NP DG
15626
521
359
450
335
248
217
164
1187
752
18
r
30.43
116.05
176.77
357.50
437.83
511.93
580.56
647.10
16568.83 19644.78 928.19
rSDG
5.08
15.86
34.28
73.55
119.48
204.05
245.06
344.51
12420.37 14759.85 726.08
rP DG
25.35
100.20
142.49
283.95
318.35
307.88
335.50
302.60
4148.46
4884.92
202.11
fC
0.7607
0.2769
0.2674
0.3256
0.3926
0.4828
0.5989
0.7009
0.9701
0.9993
1.0000
fSDG,C
0.8878
0.5244
0.6047
0.6875
0.6746
0.7937
0.7962
0.8770
0.9860
0.9996
1.0000
fP DG,C
0.6530
0.2380
0.1866
0.2356
0.2866
0.2823
0.4562
0.5000
0.9242
0.9987
1.0000
b = 1.30 N
30575
867
625
857
647
547
475
337
1770
2270
1030
NSDG
14221
248
170
260
231
207
223
176
1331
2009
947
NP DG
16354
619
455
597
416
340
252
1661
439
261
83
r
45079
167.42
249.27
548.58
614.67
681.15
739.09
621.84
6028.94
16419.38 13883.83
rSDG
12.93
46.93
67.94
167.20
221.47
259.41
349.26
324.45
4680.05
14587.63 12784.32
rP DG
32.86
120.49
181.33
381.38
393.20
421.74
389.83
297.39
1348.89
1831.74
1099.51
fC
0.4835
0.1522
0.1408
0.1190
0.1762
0.2176
0.2779
0.3591
0.7215
0.9740
0.9854
fSDG,C
0.6689
0.3589
0.3471
0.2885
0.4069
0.4493
0.4978
0.5852
0.8475
0.9816
0.9884
fP DG,C
0.3222
0.0695
0.0637
0.0452
0.0481
0.0765
0.0833
0.1118
0.3394
0.9157
0.9518
b = 1.50 N
30708
972
705
901
744
645
509
441
1661
1376
1338
NSDG
14545
353
265
340
285
299
260
214
1061
1177
1224
NP DG
16163
619
440
561
459
346
249
227
600
199
114
r
47.67
187.60
278.77
580.20
701.89
802.22
784.93
812.43
5214.79
10092.84 20496.61
rSDG
17027
67.96
104.65
219.69
269.67
373.00
400.33
393.59
3473.92
8711.68
18851.91
rP DG
30.40
119.64
174.12
360.51
432.21
429.22
384.60
418.84
1740.87
1381.16
1644.70
fC
0.3278
0.1163
0.0993
0.1021
0.1156
0.1473
0.1749
0.2063
0.3715
0.8365
0.9387
fSDG,C
0.4704
0.2266
0.1962
0.2294
0.2561
0.2742
0.3154
0.3832
0.5316
0.8921
0.9567
fP DG,C
0.1995
0.0533
0.0409
0.0250
0.0283
0.0376
0.0281
0.0396
0.0883
0.5075
0.7456
b = 1.70 N
29372
831
705
801
639
576
505
467
3522
1877
705
NSDG
13713
368
310
341
299
279
250
240
2181
1390
652
NP DG
15659
463
395
460
340
297
255
227
1341
487
53
r
35.38
159.50
279.69
510.79
605.09
718.76
782.46
836.60
11751.09 12703.83 11589.79
rSDG
17.51
71.40
122.64
215.72
284.16
347.37
388.19
443.06
7416.60
9555.63
10760.04
rP DG
17.88
88.10
157.05
295.07
320.92
371.34
394.27
420.53
4334.49
3148.20
829.75
fC
0.1201
0.0385
0.0298
0.0312
0.0360
0.0278
0.0356
0.0404
0.0542
0.2200
0.7603
fSDG,C
0.1792
0.0652
0.0548
0.0587
0.0702
0.0538
0.0720
0.0792
0.0830
0.2878
0.8052
fP DG,C
0.0683
0.0173
0.0101
0.0109
0.0059
0.0034
0.0000
0.0000
0.0075
0.0267
0.2075
26
